fc1.weight:
tensor([[-0.0271,  0.0353, -0.4488],
        [-0.0752, -0.5689, -0.5525],
        [ 0.4736, -0.3801,  0.1606],
        [ 0.1679, -0.4982, -0.4127],
        [ 0.1390,  0.2811,  0.5011],
        [ 0.2746,  0.0874,  0.5042],
        [ 0.2261, -0.2364,  0.5684],
        [ 0.2660, -0.0340,  0.4446],
        [-0.1509, -0.2473, -0.5244],
        [ 0.0418, -0.1588, -0.5539],
        [ 0.4634,  0.2688, -0.0191],
        [ 0.1266,  0.1110,  0.5511],
        [-0.4793, -0.0563, -0.3603],
        [ 0.3887,  0.3360,  0.1064],
        [ 0.2862, -0.0743, -0.1214],
        [ 0.0923, -0.2609,  0.0399],
        [ 0.1983,  0.1320, -0.4241],
        [-0.1106, -0.4474, -0.4045],
        [-0.1246,  0.3277,  0.1887],
        [ 0.4470,  0.2802, -0.5475],
        [ 0.4391,  0.3507, -0.0446],
        [ 0.4225, -0.0577,  0.3958],
        [-0.0035, -0.4686, -0.3837],
        [-0.2930, -0.2770, -0.2765],
        [ 0.3556,  0.0851,  0.4623],
        [-0.5011,  0.1422,  0.4319],
        [ 0.2206,  0.1035, -0.3145],
        [ 0.0132, -0.5442, -0.1522],
        [-0.3409,  0.2684,  0.4398],
        [ 0.2105, -0.5648,  0.2874],
        [-0.5767, -0.4084,  0.4391],
        [-0.0372, -0.0548, -0.4728],
        [ 0.0543, -0.5697, -0.0822],
        [ 0.1513,  0.1052,  0.1398],
        [ 0.3536, -0.4061, -0.3873],
        [ 0.2686,  0.2629, -0.3080],
        [-0.3275, -0.4615, -0.2348],
        [ 0.4306, -0.2596, -0.0447],
        [-0.1806, -0.3564, -0.5757],
        [ 0.2237, -0.5161, -0.0320],
        [ 0.0698, -0.2013, -0.0780],
        [ 0.0127,  0.4233,  0.0650],
        [-0.1308, -0.2169, -0.5512],
        [-0.5047,  0.5009, -0.1911],
        [-0.1525,  0.2634,  0.1920],
        [-0.0183,  0.0715, -0.4791],
        [-0.3895, -0.3585, -0.3249],
        [ 0.3396, -0.4315,  0.1189],
        [ 0.5226, -0.5321,  0.1105],
        [-0.4485, -0.0461,  0.2269],
        [-0.0408, -0.3088,  0.5269],
        [ 0.0402, -0.5728,  0.5484],
        [ 0.2351,  0.2546, -0.5463],
        [-0.1997, -0.2033, -0.3132],
        [-0.2321, -0.0998,  0.2226],
        [ 0.2313,  0.2488, -0.2536],
        [-0.1260, -0.3356,  0.1872],
        [ 0.2579, -0.4171,  0.0867],
        [-0.0692, -0.1272,  0.0027]])
----------------------------------------
fc1.bias:
tensor([ 0.2619,  0.3522,  0.5586, -0.0117, -0.3453,  0.5040,  0.2057,  0.1668,
         0.3438, -0.5267, -0.1745, -0.0582,  0.4307, -0.0650,  0.4539,  0.2915,
         0.4895,  0.4863, -0.1722, -0.3195,  0.4393, -0.1334, -0.0033, -0.1378,
         0.1587, -0.2500,  0.3083,  0.0726,  0.3021,  0.3818,  0.3669, -0.4494,
        -0.1092,  0.1673,  0.2126,  0.1852, -0.4077,  0.0801, -0.0734,  0.5048,
        -0.5539, -0.5082, -0.3512, -0.0223, -0.1720, -0.2040,  0.3256,  0.1253,
        -0.0181, -0.1785, -0.1237, -0.4433,  0.1572,  0.3032, -0.1944,  0.5219,
        -0.1844, -0.4942, -0.5189])
----------------------------------------
fc2.weight:
tensor([[ 0.0955, -0.1211, -0.0761,  0.0514, -0.0560,  0.0926, -0.0777, -0.0516,
          0.0218,  0.0866,  0.0345, -0.0453,  0.0574, -0.1140, -0.0013, -0.0978,
          0.0887, -0.0658, -0.0478,  0.0507, -0.1066, -0.1070, -0.1281,  0.0983,
         -0.0717,  0.0220, -0.0954,  0.0123, -0.0071, -0.0324, -0.0764,  0.0904,
         -0.1138, -0.0356,  0.0149, -0.0290,  0.1125, -0.0011, -0.1161, -0.1126,
          0.0593, -0.1212, -0.0470, -0.0532, -0.1192, -0.0504,  0.0242,  0.1299,
          0.0829,  0.0734,  0.0565, -0.0280, -0.0730,  0.0407, -0.1000, -0.1033,
         -0.0242,  0.0506,  0.0720]])
----------------------------------------
fc2.bias:
tensor([0.1188])
----------------------------------------
