fc1.weight:
tensor([[-0.2482,  0.1627, -0.2196],
        [-0.0752, -0.1639, -0.2514],
        [ 0.4682,  0.2706, -0.2585],
        [-0.4244,  0.5421, -0.2263],
        [-0.4938, -0.4022,  0.4628],
        [ 0.4709, -0.1410, -0.2464],
        [-0.2318,  0.2899,  0.0068],
        [-0.1268,  0.5007, -0.3980],
        [ 0.5324, -0.1659, -0.3234],
        [ 0.1561,  0.2035, -0.5543],
        [-0.4829,  0.4286,  0.2422],
        [ 0.0745, -0.5479, -0.1204],
        [ 0.4513, -0.0673,  0.3429],
        [-0.3981, -0.1777, -0.4757],
        [ 0.1583,  0.5577,  0.4398],
        [ 0.0467, -0.4494, -0.3195],
        [-0.5069, -0.1171,  0.0943],
        [ 0.0162, -0.3302,  0.3991],
        [ 0.3839, -0.2646,  0.3138],
        [-0.3880,  0.0367, -0.2179],
        [ 0.3653, -0.4617, -0.3264],
        [-0.0770,  0.5151,  0.2342],
        [-0.0186,  0.2912, -0.3613],
        [-0.1088,  0.0886, -0.1765],
        [-0.3344, -0.5689, -0.0632],
        [-0.1285, -0.0243, -0.4880],
        [ 0.0461, -0.5230,  0.3167],
        [ 0.3614,  0.2159,  0.4597],
        [ 0.2478,  0.3935,  0.2321],
        [ 0.0205,  0.0822, -0.1866],
        [-0.4107, -0.5357,  0.5439],
        [ 0.2834,  0.1748, -0.4916],
        [-0.5745, -0.2488,  0.1844],
        [-0.4680,  0.3968, -0.5699],
        [ 0.3718,  0.1964, -0.4693],
        [-0.5099, -0.2670, -0.4675],
        [-0.3169,  0.1005,  0.4851],
        [-0.5500, -0.4544,  0.1698],
        [ 0.5408,  0.1377,  0.5659],
        [ 0.5301, -0.3946, -0.2311],
        [-0.1060, -0.5676,  0.4425],
        [ 0.3013,  0.4967, -0.2406],
        [ 0.0221, -0.3073,  0.2790],
        [-0.3863, -0.3775, -0.1766],
        [-0.3747, -0.2877, -0.1998],
        [-0.1172, -0.2472,  0.3536],
        [-0.4470,  0.3626, -0.2486],
        [ 0.5409,  0.2754, -0.5178],
        [-0.5342,  0.3528, -0.5723]])
----------------------------------------
fc1.bias:
tensor([-0.2752,  0.3205,  0.3563,  0.3683,  0.3525,  0.5200, -0.5166,  0.2063,
        -0.1367,  0.5269, -0.5124,  0.1227, -0.3597, -0.5650,  0.5241, -0.3652,
        -0.1455, -0.3009, -0.5019, -0.0432,  0.0944, -0.5087,  0.1543, -0.0062,
        -0.3638,  0.4118,  0.0690,  0.3630, -0.3149,  0.5537, -0.3575, -0.1389,
         0.3487,  0.0413, -0.4767, -0.0768, -0.4382, -0.5269, -0.1341,  0.4969,
        -0.5041, -0.0073, -0.1708, -0.4957, -0.1931,  0.1983,  0.1252,  0.0045,
        -0.4714])
----------------------------------------
fc2.weight:
tensor([[ 0.0704,  0.1135,  0.0823, -0.1218, -0.1273, -0.0937,  0.1237, -0.1044,
         -0.1383,  0.1070, -0.0222, -0.1319, -0.0663, -0.0119,  0.0508,  0.0729,
          0.0964,  0.1257, -0.0037, -0.0429,  0.1185,  0.1248,  0.0464,  0.0934,
          0.0508, -0.0118,  0.1248,  0.0822,  0.0832,  0.1279, -0.0444, -0.1408,
         -0.0936, -0.0987, -0.0820,  0.0058, -0.0296,  0.1256,  0.0308,  0.0796,
         -0.0739,  0.0506,  0.0072, -0.1227,  0.0610, -0.1320, -0.1127,  0.0660,
          0.0059],
        [ 0.0494, -0.0449, -0.1360, -0.0191, -0.0283,  0.0310, -0.1006,  0.0093,
          0.0450, -0.0864,  0.1389,  0.0133,  0.0315, -0.1117, -0.0612, -0.0402,
         -0.0885,  0.0803, -0.1062,  0.0205,  0.0284, -0.0195, -0.1141,  0.0221,
         -0.0857,  0.0413, -0.0477, -0.1403, -0.1287,  0.1297,  0.1175,  0.0844,
         -0.0734, -0.1086,  0.1184, -0.0901,  0.0150,  0.1363, -0.1049,  0.0050,
         -0.1087, -0.0999, -0.1254, -0.0696, -0.1331, -0.0320,  0.0486, -0.0078,
          0.0371]])
----------------------------------------
fc2.bias:
tensor([-0.0491, -0.0101])
----------------------------------------
fc3.weight:
tensor([[0.5535, 0.3901]])
----------------------------------------
fc3.bias:
tensor([-0.3789])
----------------------------------------
