fc1.weight:
tensor([[-0.5308,  0.5244,  0.5069],
        [-0.5255,  0.0971, -0.5662],
        [ 0.1649, -0.5100, -0.1414],
        [ 0.3307,  0.4058, -0.2401],
        [ 0.2396,  0.5383,  0.2734],
        [ 0.4975, -0.1951,  0.1945],
        [ 0.1840, -0.4572, -0.3917],
        [-0.3976, -0.5243,  0.5747],
        [-0.3123,  0.3633, -0.1879],
        [-0.3837, -0.0778, -0.4923],
        [-0.2023, -0.2357, -0.3509],
        [-0.0579,  0.1156, -0.3210],
        [-0.5188, -0.1775,  0.2968],
        [ 0.3970,  0.0693,  0.4686],
        [ 0.1669,  0.5197,  0.2793],
        [-0.2604,  0.5447, -0.3450],
        [-0.1942, -0.2175,  0.0239],
        [-0.3722,  0.3241, -0.3546],
        [ 0.5727, -0.4330, -0.5421],
        [ 0.0177,  0.2365, -0.5396],
        [ 0.2533,  0.3197, -0.0919],
        [ 0.4584, -0.0259, -0.2125],
        [-0.1607, -0.3506, -0.5059],
        [-0.5268, -0.3653, -0.4783],
        [-0.1156,  0.2192,  0.0352],
        [ 0.1344, -0.1206, -0.4433],
        [ 0.5201, -0.1131, -0.5201],
        [ 0.1580,  0.4818, -0.5116],
        [-0.4445,  0.3771, -0.0580],
        [ 0.2170, -0.3335,  0.5010],
        [-0.3156, -0.4097, -0.1207],
        [ 0.0186,  0.2254, -0.2406],
        [-0.5202,  0.2726,  0.2058],
        [-0.3397,  0.1006, -0.1351],
        [ 0.1988, -0.3260, -0.3195],
        [-0.2791,  0.0941, -0.1352],
        [-0.4649,  0.2053,  0.1695],
        [-0.1274, -0.0294,  0.2464],
        [ 0.4804, -0.3865, -0.2123],
        [-0.5081, -0.3373, -0.0468],
        [ 0.5607,  0.4566,  0.4024],
        [-0.3864, -0.0090, -0.1005],
        [ 0.0991, -0.3399,  0.2212],
        [ 0.5230, -0.2016, -0.1523],
        [ 0.4659,  0.0417, -0.0813],
        [ 0.4581,  0.0159,  0.1446],
        [-0.3766, -0.5175, -0.0046],
        [ 0.3055,  0.0498,  0.4349],
        [ 0.0274, -0.4406, -0.5102],
        [-0.0809, -0.1766,  0.4889],
        [ 0.1112,  0.5092, -0.3266],
        [-0.3358, -0.3136, -0.3000],
        [ 0.0627, -0.0786, -0.3432],
        [-0.0825, -0.2455,  0.4346],
        [ 0.3493, -0.0985, -0.3570],
        [ 0.2261,  0.4167,  0.0312],
        [-0.4701,  0.1749, -0.4897],
        [ 0.4056,  0.0347, -0.1433],
        [-0.0584,  0.0815, -0.5307],
        [ 0.0593, -0.3824, -0.2337],
        [ 0.0775, -0.2330,  0.5477],
        [ 0.5601,  0.5025, -0.5183],
        [ 0.1893, -0.5426,  0.5406],
        [-0.0095, -0.1987, -0.5427]])
----------------------------------------
fc1.bias:
tensor([ 5.0132e-01,  2.5807e-01, -4.6215e-01,  2.3114e-01, -4.7956e-01,
         1.9513e-01,  3.7245e-02,  3.2550e-02,  3.2656e-01, -2.3999e-01,
         3.8409e-02, -5.4815e-01, -5.1375e-02, -2.2007e-02,  3.9287e-01,
         4.8396e-01,  9.1426e-02, -3.8975e-01, -5.1987e-01, -1.7099e-02,
         4.9700e-01,  4.0960e-01,  1.1050e-01,  5.4005e-01,  2.5688e-01,
        -1.3855e-01,  2.0091e-01, -3.4113e-01, -1.8609e-01,  6.4648e-02,
        -1.1547e-01, -1.7960e-01,  5.5019e-01, -7.8905e-02,  1.6822e-01,
         4.2985e-01, -3.8833e-01,  4.7661e-01, -4.6736e-01,  5.4366e-01,
        -4.7314e-01,  5.9377e-02,  5.4577e-01,  2.9381e-02,  5.1518e-01,
        -4.8831e-02,  4.0690e-01, -8.2751e-02, -3.5970e-01, -3.6476e-01,
        -4.4424e-01,  1.3232e-01,  1.8996e-01,  5.0864e-01,  1.7252e-01,
        -1.5644e-01,  4.7445e-05, -2.6745e-01,  1.8406e-01,  3.6076e-01,
         5.9267e-02,  3.8284e-01,  1.6926e-01, -1.6451e-01])
----------------------------------------
fc2.weight:
tensor([[ 0.1036, -0.0649,  0.0401,  ...,  0.0271, -0.0953,  0.0769],
        [-0.0464,  0.0689, -0.1147,  ...,  0.1211, -0.0832,  0.0381],
        [-0.0775,  0.1152,  0.0648,  ..., -0.1040,  0.0284,  0.0503],
        ...,
        [ 0.0542,  0.1043, -0.1095,  ..., -0.0238,  0.0208,  0.1174],
        [ 0.0970, -0.0639, -0.0384,  ..., -0.0354,  0.0494, -0.0889],
        [ 0.0615,  0.0165, -0.0104,  ..., -0.0706,  0.0996, -0.0569]])
----------------------------------------
fc2.bias:
tensor([ 0.0635, -0.0274,  0.0923, -0.0242,  0.0994,  0.0170,  0.0510, -0.1009,
        -0.0867, -0.0735, -0.0933,  0.0143,  0.0537,  0.0930,  0.0785, -0.0907,
         0.0961,  0.1197,  0.0475, -0.0502, -0.1159, -0.0190, -0.0956,  0.0733,
         0.0981, -0.0415, -0.0741,  0.1120, -0.0491,  0.0513,  0.1038,  0.0330])
----------------------------------------
fc3.weight:
tensor([[-0.0029,  0.0100, -0.1045,  0.1537, -0.0175,  0.0313,  0.1694, -0.1696,
         -0.1738, -0.1632,  0.0919, -0.1701,  0.0490,  0.0305,  0.1115,  0.1347,
          0.0379, -0.1165, -0.0531,  0.0141,  0.1153,  0.0287,  0.1567, -0.0403,
         -0.1677,  0.0840, -0.1373, -0.0502, -0.1687,  0.1741, -0.1656,  0.0050]])
----------------------------------------
fc3.bias:
tensor([-0.0855])
----------------------------------------
