fc1.weight:
tensor([[-3.4207e-02, -5.5911e-01, -2.1141e-01],
        [-2.4462e-02, -4.7764e-01,  5.5781e-01],
        [-2.6167e-01, -6.0662e-02,  4.0069e-01],
        [-2.9200e-01, -3.0671e-01, -5.0892e-01],
        [-9.8341e-03, -2.5070e-01, -5.7675e-01],
        [-6.6797e-03, -3.0695e-01,  4.1890e-01],
        [ 5.5420e-01,  3.3851e-01,  2.4903e-01],
        [-4.7173e-01, -5.4174e-01, -5.0836e-01],
        [ 2.3504e-01,  3.8613e-01, -5.1958e-01],
        [ 8.8597e-02, -3.4047e-01, -4.9042e-01],
        [ 4.5460e-01, -2.5055e-01,  1.8344e-01],
        [ 9.4541e-02,  3.4222e-01,  1.2518e-02],
        [ 2.7941e-01,  4.3481e-01,  4.3752e-01],
        [ 4.8719e-01,  5.1903e-01,  3.3137e-01],
        [ 9.5895e-02,  4.0928e-01,  1.1178e-01],
        [-1.7627e-01,  4.3716e-01, -5.1867e-01],
        [-4.2709e-01,  4.0404e-01, -3.3336e-01],
        [-4.1344e-01,  3.3899e-01, -1.0823e-01],
        [-1.7870e-01, -2.3573e-01,  4.4760e-01],
        [ 1.3952e-01, -4.0761e-01, -2.8624e-01],
        [ 2.2682e-02, -3.7585e-01,  3.6022e-01],
        [-2.5016e-02,  5.7656e-01, -4.4765e-01],
        [ 2.1201e-01,  2.8158e-01, -2.3930e-01],
        [ 1.9417e-01,  2.9042e-01, -1.3201e-02],
        [ 1.9084e-01, -4.9692e-01, -3.7153e-01],
        [ 4.1806e-01, -9.5161e-02,  1.4963e-01],
        [ 3.7452e-01,  4.6095e-01, -2.2681e-01],
        [-1.8582e-01,  5.9747e-02, -5.2737e-02],
        [-2.1269e-01,  4.8910e-01, -7.3748e-02],
        [ 1.3882e-01,  5.6968e-01,  1.0664e-01],
        [-2.5232e-01, -5.1524e-02, -5.5090e-01],
        [ 4.1910e-01, -3.9293e-01, -4.5771e-01],
        [-5.6876e-01,  2.7331e-01, -2.6637e-01],
        [ 1.0615e-01,  2.5590e-01, -2.9518e-01],
        [-2.5040e-01, -5.3156e-01,  4.0816e-01],
        [ 3.8375e-01, -1.7320e-02, -1.3254e-01],
        [ 1.9976e-01, -6.2181e-02,  1.1067e-01],
        [-1.3204e-01,  1.8834e-01, -4.4407e-01],
        [ 8.7933e-03,  4.4459e-01,  5.5997e-01],
        [ 2.4694e-04,  4.9918e-01,  1.2586e-01],
        [-5.0356e-01,  4.1412e-01,  3.1825e-01],
        [-2.4599e-01, -5.6697e-01,  4.7154e-01],
        [-3.5529e-01, -4.5511e-01,  9.2926e-02],
        [ 1.3209e-01, -3.3745e-01, -1.8205e-01],
        [-5.3848e-02,  4.9487e-01, -2.7209e-01],
        [ 3.0369e-01,  3.8998e-02,  4.8445e-01],
        [ 2.8552e-01, -4.1477e-01,  3.3564e-01],
        [ 9.3477e-02, -2.5963e-01, -2.7863e-01],
        [-2.7229e-01,  3.7514e-01, -5.4712e-01],
        [ 5.2324e-01,  9.4984e-02,  1.0023e-01],
        [ 4.6289e-01, -2.0137e-01,  1.0847e-01],
        [ 4.5211e-01,  1.0093e-01, -1.7957e-02],
        [ 1.9328e-01,  8.0536e-02, -1.1375e-01],
        [-3.4214e-01, -3.5600e-02, -1.7466e-01],
        [-2.0158e-01,  3.1689e-02,  1.8291e-01],
        [-3.4334e-01,  3.5301e-01,  4.6602e-01],
        [-9.9063e-02,  5.2599e-01,  2.1456e-01],
        [ 1.5560e-01,  3.8536e-01, -3.3944e-01],
        [-5.4821e-01,  3.7607e-01, -4.2436e-01],
        [ 2.4529e-01, -7.7051e-02, -2.6498e-01],
        [-5.7091e-01,  2.3740e-01,  3.1467e-03],
        [-1.2795e-01, -2.8261e-01, -2.0248e-01],
        [ 4.3817e-01,  7.3794e-02, -1.8339e-01],
        [ 1.9075e-01,  5.4338e-01, -4.8823e-01]])
----------------------------------------
fc1.bias:
tensor([-0.4880,  0.1201, -0.3954,  0.5107,  0.3487,  0.5628,  0.0105, -0.4080,
         0.0601,  0.2873,  0.5197,  0.4374,  0.2496,  0.4979, -0.4737,  0.3127,
        -0.3302,  0.3364, -0.5475,  0.5480,  0.0939,  0.3374, -0.5216,  0.3467,
         0.2369, -0.5666, -0.5574, -0.4238, -0.2225,  0.4467,  0.2140, -0.0313,
         0.5618,  0.2926,  0.5412,  0.4584,  0.5376, -0.5570, -0.5396,  0.5186,
        -0.3109,  0.3986, -0.1748, -0.1177, -0.0614, -0.1529, -0.1743, -0.0231,
         0.2359,  0.1682, -0.3962,  0.2391,  0.0705,  0.0823,  0.2842,  0.0347,
         0.2743, -0.2152, -0.2120,  0.1938, -0.2991,  0.2768,  0.3962, -0.4327])
----------------------------------------
fc2.weight:
tensor([[-0.0479, -0.1197, -0.0569,  0.0943, -0.0333,  0.1246, -0.0414,  0.0961,
         -0.0924, -0.0854, -0.1020, -0.0723,  0.0811,  0.0853,  0.1146, -0.0928,
         -0.0827,  0.1244, -0.0158,  0.1088, -0.0696,  0.1024,  0.0550, -0.0424,
         -0.0317, -0.1019,  0.0745,  0.1201, -0.0631,  0.0296,  0.0404, -0.1103,
         -0.0946, -0.0182, -0.0225,  0.0813, -0.0710,  0.1049, -0.0667,  0.0982,
         -0.1086,  0.1099, -0.0224,  0.0739,  0.0158, -0.1193,  0.1235, -0.0603,
         -0.0328, -0.0104, -0.1034, -0.0853, -0.0979, -0.0357,  0.0248,  0.1226,
          0.0680, -0.0740,  0.0301, -0.0136,  0.0514, -0.0086, -0.0281,  0.0202]])
----------------------------------------
fc2.bias:
tensor([0.0914])
----------------------------------------
